20.5786,6.54456654457,28.4554334554
24.3369,0.586080586081,34.4139194139
7.7077,0.29304029304,34.706959707
16.9605,1.12332112332,33.8766788767
32.6671,0.0,35.0
37.1086,0.0,35.0
7.7515,2.88156288156,32.1184371184
8.5313,0.0,35.0
25.3219,0.0,35.0
31.0234,0.0,35.0
9.0312,5.86080586081,29.1391941392
41.35316,0.0,35.0
7.70908,0.0,35.0
7.75012,0.0,35.0
11.65198,0.0,35.0
45.35053,0.0,35.0
29.84525,3.4188034188,31.5811965812
15.41805,1.56288156288,33.4371184371
6.42779,0.0,35.0
19.52664,0.0,35.0
22.47997,0.0,35.0
15.77152,0.0,35.0
29.05913,0.0,35.0
23.68315,0.4884004884,34.5115995116
23.65738,0.0,35.0
13.93937,0.0,35.0
23.59913,0.0,35.0
33.06731,0.0,35.0
35.45785,0.781440781441,34.2185592186
20.35809,5.37240537241,29.6275946276
21.88192,0.0,35.0
31.41006,0.0,35.0
28.40466,0.0,35.0
36.61083,0.0,35.0
29.68095,14.9450549451,20.0549450549
20.52237,10.695970696,24.304029304
33.45305,0.0,35.0
31.85005,0.0,35.0
17.98473,12.9426129426,22.0573870574
20.43194,0.0,35.0
18.70525,0.0,35.0
7.7864,0.0,35.0
36.08529,0.0,35.0
40.51449,0.0,35.0
25.16434,0.0,35.0
25.03898,0.0,35.0
25.70096,0.0,35.0
24.50237,0.0,35.0
17.98473,0.0,35.0
40.82462,0.0,35.0
18.04622,5.90964590965,29.0903540904
29.61946,0.0,35.0
23.20763,0.0,35.0
33.28348,0.0,35.0
41.64469,0.0,35.0
8.4294,0.0,35.0
20.29868,0.0,35.0
27.367,0.0,35.0
23.58956,0.0,35.0
24.07612,15.0427350427,19.9572649573
7.31607,0.0,35.0
29.23117,10.4517704518,24.5482295482
25.23383,0.0,35.0
29.23981,0.0,35.0
25.5243,0.0,35.0
22.14137,0.0,35.0
23.05198,0.0,35.0
27.23712,0.0,35.0
19.04948,0.0,35.0
28.79042,0.0,35.0
11.30322,0.0,35.0
15.72561,5.51892551893,29.4810744811
28.92996,0.0,35.0
29.5414,3.32112332112,31.6788766789
27.71534,0.0,35.0
14.01592,0.0,35.0
29.1603,0.0,35.0
29.35398,0.0976800976801,34.9023199023
28.59482,0.0,35.0
25.16224,0.0,35.0
27.51639,0.0,35.0
10.84034,0.0,35.0
29.60181,0.0,35.0
10.12867,0.14652014652,34.8534798535
23.69867,0.34188034188,34.6581196581
24.52094,0.976800976801,34.0231990232
29.54402,1.61172161172,33.3882783883
27.70688,0.0,35.0
29.01387,0.0,35.0
24.64493,0.19536019536,34.8046398046
5.41097,0.0,35.0
35.73026,0.0,35.0
10.9976,0.0,35.0
28.35276,0.0,35.0
26.28058,0.0,35.0
5.98728,0.0,35.0
25.84782,10.5982905983,24.4017094017
43.76126,0.0,35.0
20.82958,0.04884004884,34.9511599512
29.56231,4.73748473748,30.2625152625
8.59493,0.0,35.0
29.17667,0.0,35.0
25.91341,0.0,35.0
21.58898,0.0,35.0
14.24011,0.879120879121,34.1208791209
32.3372,0.0,35.0
17.38188,0.0,35.0
29.56231,1.02564102564,33.9743589744
14.80544,0.4884004884,34.5115995116
28.7878,0.0,35.0
28.89989,0.0,35.0
24.85717,0.0,35.0
27.86587,0.0,35.0
25.89119,0.0,35.0
27.74891,0.0,35.0
26.00816,0.0,35.0
29.6622,6.59340659341,28.4065934066
16.60248,4.98168498168,30.0183150183
22.32035,0.0,35.0
29.61773,3.46764346764,31.5323565324
29.66275,5.90964590965,29.0903540904
7.38438,0.0,35.0
28.18477,1.26984126984,33.7301587302
44.38947,0.0,35.0
38.06727,0.0,35.0
36.97629,0.0,35.0
29.67122,1.85592185592,33.1440781441
15.23407,0.0,35.0
20.40532,0.0,35.0
21.98468,0.0,35.0
25.37007,0.0,35.0
28.93595,0.0,35.0
5.42998,0.29304029304,34.706959707
36.37081,9.47496947497,25.525030525
29.12364,0.0,35.0
24.63342,0.0976800976801,34.9023199023
37.14974,0.0,35.0
25.74139,0.0,35.0
29.47576,4.884004884,30.115995116
28.38996,0.0,35.0
27.27302,0.0,35.0
34.11328,0.0,35.0
15.78544,8.30280830281,26.6971916972
28.40938,0.0,35.0
29.58899,5.56776556777,29.4322344322
44.48608,0.0,35.0
29.47969,0.0,35.0
6.02661,0.0,35.0
27.22059,0.0,35.0
24.07612,15.1892551893,19.8107448107
29.68095,4.49328449328,30.5067155067
15.88423,0.0,35.0
21.11329,4.98168498168,30.0183150183
24.3531,17.9242979243,17.0757020757
28.98062,0.0,35.0
33.18484,0.0,35.0
24.07612,6.15384615385,28.8461538462
38.97733,0.0,35.0
26.19478,1.4652014652,33.5347985348
38.07339,0.0,35.0
15.84924,0.0,35.0
12.83993,0.0,35.0
21.13229,5.76312576313,29.2368742369
24.05712,3.9072039072,31.0927960928
32.01772,0.0,35.0
24.07612,6.83760683761,28.1623931624
24.07612,17.4358974359,17.5641025641
24.07612,17.0451770452,17.9548229548
24.07612,16.7521367521,18.2478632479
15.50498,0.0,35.0
36.98714,0.0,35.0
29.36072,10.4517704518,24.5482295482
24.07612,14.0659340659,20.9340659341
24.07612,18.1684981685,16.8315018315
26.16414,0.0,35.0
16.61212,4.20024420024,30.7997557998
29.30563,0.0,35.0
19.82002,0.0,35.0
14.72123,0.0,35.0
23.57826,0.0,35.0
24.29811,16.5079365079,18.4920634921
13.97343,0.0,35.0
13.01005,0.0,35.0
15.79339,2.9304029304,32.0695970696
31.53183,0.0,35.0
28.01218,0.0,35.0
23.81672,4.98168498168,30.0183150183
25.4231,0.0,35.0
12.31691,0.0,35.0
24.24429,6.44688644689,28.5531135531
24.20147,17.3870573871,17.6129426129
10.4051,0.0,35.0
17.39382,0.0,35.0
24.34477,12.5030525031,22.4969474969
31.65415,0.0,35.0
24.30237,0.0,35.0
31.23064,0.0,35.0
24.25531,0.19536019536,34.8046398046
35.59796,0.0,35.0
18.4613,0.0,35.0
24.32371,14.4078144078,20.5921855922
24.09717,10.4029304029,24.5970695971
24.15557,15.0915750916,19.9084249084
42.00488,0.0,35.0
35.82335,0.0,35.0
24.1356,0.0,35.0
43.80807,0.0,35.0
19.78223,0.0,35.0
35.10538,0.0,35.0
25.06857,0.0,35.0
24.11124,16.800976801,18.199023199
24.12044,17.5335775336,17.4664224664
25.22513,0.0,35.0
39.73313,0.0,35.0
24.29418,0.0,35.0
24.21449,2.97924297924,32.0207570208
24.91735,0.0,35.0
24.30679,0.0,35.0
24.11311,17.4847374847,17.5152625153
24.11857,17.8266178266,17.1733821734
24.1166,18.0708180708,16.9291819292
21.25656,0.0,35.0
24.11311,15.2380952381,19.7619047619
27.29951,0.0,35.0
16.46121,3.76068376068,31.2393162393
25.18217,0.0,35.0
24.07612,15.4822954823,19.5177045177
24.11508,17.1916971917,17.8083028083
24.1253,17.4847374847,17.5152625153
33.32031,0.0,35.0
24.25787,3.9072039072,31.0927960928
24.17134,15.0427350427,19.9572649573
12.39825,0.0,35.0
17.03737,9.67032967033,25.3296703297
23.05175,0.976800976801,34.0231990232
20.18372,0.0,35.0
8.03815,0.0,35.0
19.88561,0.0,35.0
18.942,0.0,35.0
25.962,0.0,35.0
22.25572,0.0,35.0
43.50511,0.0,35.0
21.8256,16.2148962149,18.7851037851
18.26352,4.68864468864,30.3113553114
18.34348,3.12576312576,31.8742368742
17.19944,0.0,35.0
24.1201,8.30280830281,26.6971916972
24.30912,13.5775335775,21.4224664225
20.2967,0.0,35.0
11.07459,0.0,35.0
24.11364,8.00976800977,26.9902319902
38.73522,0.0,35.0
23.19861,0.0,35.0
23.2353,0.0,35.0
16.3823,0.0,35.0
24.32649,17.9731379731,17.0268620269
8.58686,0.4884004884,34.5115995116
35.42434,0.04884004884,34.9511599512
13.05718,0.0,35.0
36.76028,0.0,35.0
11.83933,0.0,35.0
31.26614,0.0,35.0
20.79423,1.02564102564,33.9743589744
44.71661,0.0,35.0
24.34021,5.81196581197,29.188034188
31.87255,0.0,35.0
13.91479,3.36996336996,31.63003663
24.35144,14.2612942613,20.7387057387
19.52866,0.0,35.0
24.35215,17.1428571429,17.8571428571
24.34916,12.0634920635,22.9365079365
24.32948,12.9914529915,22.0085470085
31.66065,0.0,35.0
39.75826,0.0,35.0
24.27393,0.0,35.0
13.99229,0.0,35.0
24.14843,4.73748473748,30.2625152625
24.27912,17.8754578755,17.1245421245
24.34827,11.2332112332,23.7667887668
24.07999,8.88888888889,26.1111111111
17.55865,0.0,35.0
5.64908,0.0,35.0
24.3217,0.586080586081,34.4139194139
27.10122,0.0,35.0
24.18875,17.6312576313,17.3687423687
26.42768,0.0,35.0
24.26883,7.47252747253,27.5274725275
24.13378,17.6800976801,17.3199023199
24.25746,14.3101343101,20.6898656899
24.17009,17.9242979243,17.0757020757
24.22989,16.7032967033,18.2967032967
14.40616,1.221001221,33.778998779
8.56468,0.0,35.0
22.64189,0.0,35.0
24.23511,8.79120879121,26.2087912088
14.91122,0.0,35.0
28.07327,0.0,35.0
15.10854,3.32112332112,31.6788766789
20.57947,0.0,35.0
24.25478,11.7216117216,23.2783882784
45.75707,0.0,35.0
22.19507,0.0,35.0
23.36605,0.0,35.0
24.32116,3.71184371184,31.2881562882
20.60471,9.71916971917,25.2808302808
18.73895,0.0,35.0
21.98186,0.0,35.0
34.96931,0.0,35.0
24.23662,0.0,35.0
14.33541,0.0,35.0
24.18328,15.8241758242,19.1758241758
24.21399,17.8754578755,17.1245421245
24.32591,12.0146520147,22.9853479853
23.29958,0.0,35.0
5.68089,0.0,35.0
21.43866,1.90476190476,33.0952380952
24.13528,4.34676434676,30.6532356532
36.80236,0.0,35.0
24.18913,0.0,35.0
24.21347,6.83760683761,28.1623931624
24.21349,13.0891330891,21.9108669109
37.24401,0.0,35.0
41.02745,0.0,35.0
24.24104,0.0,35.0
43.97463,5.27472527473,29.7252747253
31.74312,0.0,35.0
24.20182,0.0,35.0
24.20079,5.17704517705,29.822954823
24.11151,17.4847374847,17.5152625153
24.2911,2.53968253968,32.4603174603
38.98003,0.0,35.0
29.10611,2.6862026862,32.3137973138
29.09038,0.29304029304,34.706959707
31.91574,0.0,35.0
11.3231,0.976800976801,34.0231990232
24.09074,0.0,35.0
24.13929,9.62148962149,25.3785103785
9.97956,0.0,35.0
24.3095,4.73748473748,30.2625152625
31.78928,0.0,35.0
5.93963,0.0,35.0
15.7816,0.0976800976801,34.9023199023
20.95173,6.83760683761,28.1623931624
24.30659,13.2844932845,21.7155067155
19.9238,0.0,35.0
33.1572,0.0,35.0
24.17035,0.0,35.0
21.70295,0.0,35.0
24.12229,14.5054945055,20.4945054945
23.3594,0.0,35.0
19.01881,0.0,35.0
44.81815,0.683760683761,34.3162393162
29.12622,1.07448107448,33.9255189255
16.57747,9.18192918193,25.8180708181
8.09441,0.0,35.0
29.12888,0.781440781441,34.2185592186
24.08845,17.6800976801,17.3199023199
29.99785,17.7777777778,17.2222222222
24.0773,17.7777777778,17.2222222222
24.1211,17.9242979243,17.0757020757
10.69459,0.0,35.0
14.06829,0.0,35.0
38.23421,0.0,35.0
34.8328,0.0,35.0
17.38779,0.0976800976801,34.9023199023
10.49971,0.0,35.0
11.92528,0.0,35.0
41.78221,0.0,35.0
38.60155,0.0,35.0
43.7664,0.0,35.0
24.32027,0.0,35.0
36.16096,0.0,35.0
24.32038,0.0976800976801,34.9023199023
18.80288,0.0,35.0
33.41622,0.0,35.0
24.32285,0.0,35.0
24.24291,2.29548229548,32.7045177045
24.1597,13.6752136752,21.3247863248
24.13597,16.1660561661,18.8339438339
43.44302,0.0,35.0
10.0726,0.0,35.0
21.4535,0.0,35.0
12.5916,0.0,35.0
24.19363,0.0,35.0
40.00585,0.0,35.0
24.27808,0.19536019536,34.8046398046
24.10763,16.1172161172,18.8827838828
24.12818,17.2893772894,17.7106227106
7.20553,0.0,35.0
32.76011,0.19536019536,34.8046398046
24.12818,17.8754578755,17.1245421245
6.17699,0.0,35.0
24.12436,0.0,35.0
24.11146,5.71428571429,29.2857142857
41.11047,0.0,35.0
8.96373,0.0,35.0
24.26682,17.2405372405,17.7594627595
40.83766,0.0,35.0
24.13345,0.0,35.0
24.26916,1.17216117216,33.8278388278
45.03669,0.0,35.0
24.3005,0.0,35.0
24.14292,8.40048840049,26.5995115995
24.14897,15.3846153846,19.6153846154
24.11146,17.8754578755,17.1245421245
39.19305,0.0,35.0
9.03665,0.0,35.0
7.71167,0.0,35.0
24.26734,0.879120879121,34.1208791209
24.32597,17.6800976801,17.3199023199
24.18437,15.2380952381,19.7619047619
24.07612,7.61904761905,27.380952381
18.09507,0.0,35.0
24.22356,8.40048840049,26.5995115995
16.00186,0.0,35.0
26.39377,0.0,35.0
23.32751,0.0,35.0
24.2325,17.8266178266,17.1733821734
24.16501,16.0195360195,18.9804639805
22.33337,0.0,35.0
31.52026,0.0,35.0
24.217,3.61416361416,31.3858363858
24.16714,16.5079365079,18.4920634921
16.02184,0.0,35.0
20.82253,6.44688644689,28.5531135531
24.23696,14.0659340659,20.9340659341
24.29764,17.3382173382,17.6617826618
8.81577,0.0,35.0
5.51167,0.0,35.0
24.12903,0.0,35.0
41.37032,0.0,35.0
22.80326,0.0,35.0
24.30534,3.12576312576,31.8742368742
24.25811,10.4517704518,24.5482295482
24.20025,16.4590964591,18.5409035409
38.79092,0.0,35.0
31.67616,0.0,35.0
13.14093,0.0,35.0
40.953,0.0,35.0
24.27177,0.0,35.0
24.2324,6.30036630037,28.6996336996
9.91187,0.0,35.0
45.81065,0.0,35.0
24.2475,0.0,35.0
24.17957,11.8192918193,23.1807081807
24.13463,16.8498168498,18.1501831502
24.14805,16.5079365079,18.4920634921
22.07567,0.0,35.0
24.20025,17.5335775336,17.4664224664
24.25811,10.9401709402,24.0598290598
24.29004,6.73992673993,28.2600732601
24.17109,17.2893772894,17.7106227106
24.20176,15.873015873,19.126984127
24.32499,3.32112332112,31.6788766789
24.25513,9.76800976801,25.231990232
24.27161,7.91208791209,27.0879120879
24.17407,17.094017094,17.905982906
24.1023,17.4358974359,17.5641025641
10.97023,0.0,35.0
13.0596,0.0976800976801,34.9023199023
24.27111,17.8754578755,17.1245421245
34.496,0.0,35.0
42.93351,8.00976800977,26.9902319902
34.07956,0.0,35.0
37.00403,0.0,35.0
5.1029,0.0,35.0
24.24986,6.49572649573,28.5042735043
24.15275,12.3565323565,22.6434676435
24.29579,17.3870573871,17.6129426129
24.23246,17.6800976801,17.3199023199
41.2841,0.0,35.0
27.81906,0.04884004884,34.9511599512
43.60091,7.32600732601,27.673992674
26.51047,0.0,35.0
24.23087,0.0,35.0
24.09511,17.2405372405,17.7594627595
16.95204,0.0,35.0
24.30504,17.8754578755,17.1245421245
24.07612,10.9401709402,24.0598290598
24.14932,16.5567765568,18.4432234432
24.26431,16.2148962149,18.7851037851
24.13829,16.5079365079,18.4920634921
35.55508,0.0,35.0
24.07612,3.12576312576,31.8742368742
36.09593,0.0,35.0
20.19853,0.0,35.0
25.29301,0.0,35.0
28.67248,0.0,35.0
26.4491,1.4652014652,33.5347985348
24.20237,3.4188034188,31.5811965812
20.84445,2.97924297924,32.0207570208
28.07913,0.0,35.0
21.59269,0.0,35.0
29.77967,9.27960927961,25.7203907204
7.04611,0.0,35.0
24.07612,0.0,35.0
5.39118,0.586080586081,34.4139194139
24.23674,0.0,35.0
14.64659,0.0,35.0
38.74684,0.0,35.0
27.65919,0.0,35.0
18.48025,6.49572649573,28.5042735043
24.09306,6.83760683761,28.1623931624
24.30955,13.0891330891,21.9108669109
5.52817,0.0,35.0
7.67662,0.0,35.0
20.87011,0.0,35.0
24.11057,2.1978021978,32.8021978022
26.21008,0.0,35.0
32.18676,0.0,35.0
