835.0,-185.0,863.0,14.0,0.263736263736,34.7362637363
792.0,-151.0,843.0,13.0,0.0,35.0
822.0,-129.0,904.0,13.0,0.239316239316,34.7606837607
883.0,-106.0,896.0,23.0,0.376068376068,34.6239316239
878.0,-174.0,735.0,21.0,0.278388278388,34.7216117216
766.0,-194.0,819.0,11.0,0.0634920634921,34.9365079365
908.0,-146.0,708.0,17.0,0.249084249084,34.7509157509
812.0,-194.0,777.0,5.0,0.0,35.0
719.0,-146.0,796.0,29.0,0.26862026862,34.7313797314
836.0,-198.0,796.0,5.0,0.0830280830281,34.916971917
792.0,-137.0,779.0,29.0,0.04884004884,34.9511599512
942.0,-197.0,895.0,24.0,4.05860805861,30.9413919414
788.0,-137.0,945.0,22.0,7.03785103785,27.9621489621
733.0,-152.0,864.0,13.0,0.263736263736,34.7362637363
931.0,-154.0,899.0,17.0,0.131868131868,34.8681318681
872.0,-158.0,866.0,7.0,0.273504273504,34.7264957265
886.0,-137.0,842.0,22.0,0.283272283272,34.7167277167
826.0,-141.0,894.0,24.0,0.29304029304,34.706959707
910.0,-133.0,759.0,20.0,0.273504273504,34.7264957265
868.0,-111.0,933.0,11.0,4.92796092796,30.072039072
923.0,-148.0,759.0,24.0,0.214896214896,34.7851037851
883.0,-106.0,896.0,23.0,0.376068376068,34.6239316239
936.0,-124.0,933.0,7.0,6.83272283272,28.1672771673
841.0,-106.0,896.0,23.0,0.253968253968,34.746031746
811.0,-127.0,878.0,22.0,0.0781440781441,34.9218559219
792.0,-100.0,732.0,19.0,0.19536019536,34.8046398046
820.0,-194.0,829.0,9.0,0.043956043956,34.956043956
944.0,-104.0,905.0,12.0,0.278388278388,34.7216117216
943.0,-107.0,899.0,23.0,0.395604395604,34.6043956044
821.0,-136.0,942.0,11.0,5.37240537241,29.6275946276
898.0,-146.0,803.0,10.0,0.19536019536,34.8046398046
876.0,-195.0,753.0,25.0,0.214896214896,34.7851037851
758.0,-160.0,999.0,30.0,5.68498168498,29.315018315
792.0,-178.0,786.0,20.0,0.02442002442,34.9755799756
865.0,-199.0,918.0,22.0,15.032967033,19.967032967
919.0,-170.0,756.0,13.0,0.175824175824,34.8241758242
900.0,-190.0,884.0,37.0,0.26862026862,34.7313797314
896.0,-168.0,887.0,17.0,0.297924297924,34.7020757021
716.0,-178.0,989.0,38.0,4.94261294261,30.0573870574
818.0,-190.0,993.0,25.0,6.09523809524,28.9047619048
800.0,-185.0,787.0,27.0,0.029304029304,34.9706959707
763.0,-164.0,950.0,24.0,12.4786324786,22.5213675214
964.0,-182.0,841.0,28.0,0.102564102564,34.8974358974
921.0,-157.0,952.0,33.0,10.2954822955,24.7045177045
786.0,-157.0,747.0,38.0,0.19536019536,34.8046398046
999.0,-186.0,916.0,13.0,14.0463980464,20.9536019536
799.0,-184.0,932.0,36.0,12.6105006105,22.3894993895
903.0,-187.0,971.0,31.0,6.45665445665,28.5433455433
961.0,-196.0,924.0,25.0,13.2161172161,21.7838827839
924.0,-153.0,857.0,6.0,0.0976800976801,34.9023199023
818.0,-189.0,992.0,34.0,4.49328449328,30.5067155067
726.0,-153.0,990.0,29.0,6.13919413919,28.8608058608
716.0,-178.0,989.0,20.0,5.74358974359,29.2564102564
717.0,-177.0,716.0,37.0,0.297924297924,34.7020757021
781.0,-166.0,951.0,27.0,0.175824175824,34.8241758242
952.0,-159.0,804.0,22.0,0.019536019536,34.9804639805
935.0,-177.0,958.0,21.0,8.53724053724,26.4627594628
841.0,-162.0,730.0,16.0,0.205128205128,34.7948717949
788.0,-160.0,962.0,17.0,1.39194139194,33.6080586081
729.0,-157.0,757.0,39.0,0.39072039072,34.6092796093
903.0,-199.0,763.0,28.0,0.229548229548,34.7704517705
757.0,-186.0,994.0,10.0,8.28815628816,26.7118437118
823.0,-188.0,927.0,35.0,11.7557997558,23.2442002442
932.0,-158.0,828.0,23.0,0.1221001221,34.8778998779
861.0,-186.0,924.0,25.0,14.8327228327,20.1672771673
803.0,-197.0,926.0,32.0,8.59584859585,26.4041514042
960.0,-196.0,917.0,5.0,8.02442002442,26.9755799756
906.0,-172.0,917.0,19.0,10.4224664225,24.5775335775
792.0,-187.0,922.0,23.0,7.99511599512,27.0048840049
913.0,-187.0,921.0,23.0,12.884004884,22.115995116
892.0,-194.0,776.0,14.0,0.200244200244,34.7997557998
972.0,-198.0,817.0,9.0,0.0634920634921,34.9365079365
760.0,-156.0,724.0,11.0,0.166056166056,34.8339438339
746.0,-163.0,994.0,19.0,10.6910866911,24.3089133089
968.0,-160.0,944.0,12.0,13.3137973138,21.6862026862
937.0,-173.0,906.0,32.0,6.09035409035,28.9096459096
908.0,-199.0,902.0,29.0,7.58974358974,27.4102564103
976.0,-193.0,942.0,35.0,8.90842490842,26.0915750916
957.0,-183.0,983.0,40.0,5.89987789988,29.1001221001
895.0,-180.0,904.0,11.0,5.55311355311,29.4468864469
766.0,-165.0,970.0,19.0,9.25518925519,25.7448107448
999.0,-170.0,905.0,6.0,8.7619047619,26.2380952381
799.0,-184.0,932.0,16.0,5.46031746032,29.5396825397
833.0,-195.0,802.0,24.0,0.19536019536,34.8046398046
916.0,-183.0,921.0,22.0,10.8913308913,24.1086691087
863.0,-151.0,918.0,13.0,6.02197802198,28.978021978
907.0,-177.0,939.0,12.0,11.3797313797,23.6202686203
905.0,-163.0,732.0,14.0,0.214896214896,34.7851037851
863.0,-186.0,976.0,19.0,2.29548229548,32.7045177045
738.0,-162.0,920.0,17.0,2.74481074481,32.2551892552
986.0,-186.0,891.0,12.0,0.0830280830281,34.916971917
985.0,-163.0,916.0,11.0,9.26984126984,25.7301587302
907.0,-186.0,940.0,24.0,11.8144078144,23.1855921856
967.0,-176.0,743.0,31.0,0.0976800976801,34.9023199023
962.0,-180.0,906.0,34.0,9.33821733822,25.6617826618
828.0,-197.0,916.0,24.0,11.5848595849,23.4151404151
750.0,-190.0,706.0,33.0,0.273504273504,34.7264957265
834.0,-159.0,899.0,32.0,0.273504273504,34.7264957265
716.0,-190.0,878.0,35.0,0.307692307692,34.6923076923
879.0,-186.0,920.0,38.0,13.431013431,21.568986569
995.0,-169.0,794.0,13.0,0.0586080586081,34.9413919414
797.0,-200.0,849.0,8.0,0.0586080586081,34.9413919414
702.0,-182.0,923.0,23.0,8.35164835165,26.6483516484
861.0,-163.0,924.0,22.0,10.8717948718,24.1282051282
904.0,-195.0,800.0,13.0,0.0830280830281,34.916971917
793.0,-190.0,877.0,12.0,0.0976800976801,34.9023199023
917.0,-157.0,841.0,13.0,0.156288156288,34.8437118437
866.0,-191.0,910.0,16.0,8.81074481074,26.1892551893
937.0,-171.0,925.0,13.0,7.87301587302,27.126984127
920.0,-196.0,932.0,13.0,13.1428571429,21.8571428571
859.0,-181.0,764.0,19.0,0.229548229548,34.7704517705
969.0,-166.0,746.0,20.0,0.00976800976801,34.9902319902
900.0,-167.0,884.0,36.0,0.537240537241,34.4627594628
735.0,-160.0,733.0,12.0,0.19536019536,34.8046398046
872.0,-194.0,793.0,10.0,0.185592185592,34.8144078144
976.0,-182.0,958.0,39.0,7.44322344322,27.5567765568
884.0,-160.0,995.0,13.0,7.49694749695,27.5030525031
852.0,-191.0,911.0,15.0,8.81562881563,26.1843711844
887.0,-159.0,707.0,12.0,0.175824175824,34.8241758242
860.0,-180.0,852.0,40.0,0.253968253968,34.746031746
752.0,-186.0,946.0,34.0,11.5653235653,23.4346764347
867.0,-197.0,918.0,30.0,11.5848595849,23.4151404151
731.0,-188.0,934.0,24.0,7.1452991453,27.8547008547
881.0,-179.0,830.0,35.0,0.253968253968,34.746031746
706.0,-199.0,748.0,12.0,0.1221001221,34.8778998779
718.0,-151.0,913.0,22.0,0.297924297924,34.7020757021
994.0,-186.0,812.0,30.0,0.21978021978,34.7802197802
767.0,-153.0,917.0,20.0,2.28571428571,32.7142857143
839.0,-171.0,933.0,31.0,11.0183150183,23.9816849817
780.0,-189.0,722.0,33.0,0.107448107448,34.8925518926
793.0,-190.0,916.0,24.0,8.49816849817,26.5018315018
919.0,-172.0,726.0,26.0,0.180708180708,34.8192918193
742.0,-196.0,924.0,26.0,7.99023199023,27.0097680098
998.0,-191.0,928.0,29.0,13.514041514,21.485958486
763.0,-174.0,722.0,13.0,0.14652014652,34.8534798535
728.0,-182.0,751.0,15.0,0.200244200244,34.7997557998
849.0,-186.0,955.0,39.0,10.6324786325,24.3675213675
909.0,-186.0,845.0,28.0,0.229548229548,34.7704517705
929.0,-186.0,899.0,13.0,4.61538461538,30.3846153846
811.0,-186.0,888.0,38.0,0.478632478632,34.5213675214
900.0,-191.0,943.0,18.0,11.3553113553,23.6446886447
964.0,-194.0,992.0,17.0,6.78388278388,28.2161172161
878.0,-187.0,915.0,11.0,10.8424908425,24.1575091575
793.0,-151.0,947.0,37.0,9.41147741148,25.5885225885
869.0,-185.0,796.0,24.0,0.229548229548,34.7704517705
855.0,-165.0,832.0,36.0,0.224664224664,34.7753357753
729.0,-187.0,903.0,26.0,0.664224664225,34.3357753358
787.0,-192.0,702.0,27.0,0.0781440781441,34.9218559219
790.0,-196.0,744.0,31.0,0.02442002442,34.9755799756
776.0,-185.0,723.0,20.0,0.136752136752,34.8632478632
761.0,-190.0,811.0,37.0,0.21978021978,34.7802197802
867.0,-194.0,920.0,37.0,10.9987789988,24.0012210012
864.0,-188.0,772.0,21.0,0.205128205128,34.7948717949
960.0,-157.0,770.0,22.0,0.0,35.0
903.0,-165.0,814.0,31.0,0.21978021978,34.7802197802
974.0,-189.0,923.0,36.0,13.1526251526,21.8473748474
917.0,-193.0,905.0,40.0,7.58974358974,27.4102564103
947.0,-198.0,944.0,34.0,8.77655677656,26.2234432234
824.0,-198.0,826.0,36.0,0.151404151404,34.8485958486
762.0,-187.0,775.0,24.0,0.14652014652,34.8534798535
934.0,-188.0,796.0,34.0,0.00976800976801,34.9902319902
830.0,-196.0,921.0,8.0,7.52136752137,27.4786324786
724.0,-192.0,921.0,14.0,8.17094017094,26.8290598291
896.0,-160.0,781.0,29.0,0.21978021978,34.7802197802
939.0,-187.0,902.0,34.0,8.93284493284,26.0671550672
873.0,-160.0,786.0,15.0,0.185592185592,34.8144078144
886.0,-182.0,859.0,39.0,0.322344322344,34.6776556777
953.0,-198.0,794.0,26.0,0.0537240537241,34.9462759463
704.0,-193.0,944.0,13.0,12.0341880342,22.9658119658
834.0,-160.0,870.0,32.0,0.302808302808,34.6971916972
988.0,-190.0,917.0,6.0,8.50793650794,26.4920634921
757.0,-175.0,922.0,32.0,8.30280830281,26.6971916972
895.0,-182.0,917.0,19.0,8.78144078144,26.2185592186
753.0,-186.0,758.0,30.0,0.175824175824,34.8241758242
794.0,-165.0,784.0,34.0,0.0,35.0
814.0,-188.0,918.0,16.0,8.52747252747,26.4725274725
830.0,-187.0,891.0,26.0,0.332112332112,34.6678876679
825.0,-187.0,825.0,14.0,0.0537240537241,34.9462759463
820.0,-182.0,917.0,28.0,8.46886446886,26.5311355311
871.0,-190.0,903.0,22.0,5.221001221,29.778998779
789.0,-187.0,772.0,20.0,0.0,35.0
801.0,-172.0,703.0,21.0,0.0,35.0
930.0,-178.0,788.0,31.0,0.0830280830281,34.916971917
839.0,-161.0,858.0,17.0,0.224664224664,34.7753357753
925.0,-192.0,773.0,28.0,0.0976800976801,34.9023199023
759.0,-170.0,836.0,9.0,0.166056166056,34.8339438339
952.0,-189.0,917.0,8.0,7.25763125763,27.7423687424
824.0,-189.0,882.0,32.0,0.0,35.0
952.0,-166.0,916.0,14.0,7.99023199023,27.0097680098
933.0,-183.0,744.0,18.0,0.0,35.0
991.0,-173.0,916.0,33.0,12.9377289377,22.0622710623
996.0,-181.0,977.0,9.0,8.77655677656,26.2234432234
990.0,-191.0,922.0,33.0,13.7533577534,21.2466422466
873.0,-182.0,924.0,24.0,8.34676434676,26.6532356532
794.0,-167.0,771.0,19.0,0.0,35.0
998.0,-191.0,779.0,15.0,0.0830280830281,34.916971917
998.0,-177.0,891.0,39.0,2.05128205128,32.9487179487
956.0,-194.0,965.0,13.0,9.13308913309,25.8669108669
976.0,-180.0,906.0,24.0,8.64957264957,26.3504273504
940.0,-191.0,965.0,14.0,8.84981684982,26.1501831502
952.0,-179.0,917.0,36.0,11.9413919414,23.0586080586
784.0,-181.0,905.0,34.0,0.815628815629,34.1843711844
798.0,-162.0,914.0,23.0,1.83638583639,33.1636141636
839.0,-161.0,858.0,17.0,0.239316239316,34.7606837607
871.0,-194.0,886.0,24.0,0.288156288156,34.7118437118
895.0,-196.0,925.0,27.0,13.094017094,21.905982906
955.0,-182.0,916.0,10.0,7.81440781441,27.1855921856
841.0,-183.0,894.0,31.0,0.322344322344,34.6776556777
958.0,-165.0,895.0,38.0,0.2442002442,34.7557997558
760.0,-191.0,916.0,19.0,8.44932844933,26.5506715507
966.0,-191.0,888.0,18.0,0.239316239316,34.7606837607
894.0,-191.0,937.0,25.0,12.4249084249,22.5750915751
868.0,-166.0,805.0,14.0,0.2442002442,34.7557997558
978.0,-159.0,905.0,35.0,8.8253968254,26.1746031746
876.0,-194.0,965.0,14.0,9.0989010989,25.9010989011
880.0,-193.0,965.0,13.0,9.25030525031,25.7496947497
845.0,-169.0,761.0,34.0,0.200244200244,34.7997557998
953.0,-179.0,980.0,35.0,7.08180708181,27.9181929182
943.0,-189.0,740.0,20.0,0.019536019536,34.9804639805
741.0,-187.0,925.0,28.0,8.21001221001,26.78998779
968.0,-189.0,748.0,18.0,0.019536019536,34.9804639805
963.0,-153.0,961.0,23.0,9.78754578755,25.2124542125
921.0,-181.0,919.0,23.0,9.221001221,25.778998779
939.0,-170.0,742.0,30.0,0.0,35.0
965.0,-159.0,973.0,30.0,7.37484737485,27.6251526252
940.0,-191.0,929.0,27.0,12.7960927961,22.2039072039
904.0,-183.0,745.0,6.0,0.126984126984,34.873015873
911.0,-177.0,920.0,25.0,8.29304029304,26.706959707
873.0,-178.0,932.0,23.0,13.010989011,21.989010989
934.0,-199.0,948.0,27.0,8.75702075702,26.242979243
918.0,-194.0,702.0,25.0,0.185592185592,34.8144078144
823.0,-154.0,976.0,16.0,0.332112332112,34.6678876679
884.0,-195.0,778.0,23.0,0.239316239316,34.7606837607
789.0,-200.0,922.0,11.0,5.64590964591,29.3540903541
877.0,-176.0,987.0,37.0,6.11965811966,28.8803418803
915.0,-152.0,901.0,22.0,0.673992673993,34.326007326
941.0,-190.0,755.0,17.0,0.0,35.0
898.0,-185.0,963.0,21.0,10.3833943834,24.6166056166
714.0,-163.0,936.0,26.0,7.27716727717,27.7228327228
933.0,-191.0,844.0,40.0,0.180708180708,34.8192918193
872.0,-190.0,720.0,20.0,0.214896214896,34.7851037851
899.0,-194.0,923.0,23.0,13.5482295482,21.4517704518
765.0,-157.0,725.0,12.0,0.151404151404,34.8485958486
784.0,-182.0,927.0,23.0,0.722832722833,34.2771672772
903.0,-160.0,851.0,23.0,0.2442002442,34.7557997558
917.0,-187.0,759.0,21.0,0.141636141636,34.8583638584
998.0,-169.0,925.0,17.0,14.2954822955,20.7045177045
999.0,-158.0,919.0,27.0,11.1746031746,23.8253968254
816.0,-151.0,956.0,30.0,11.5604395604,23.4395604396
840.0,-177.0,725.0,22.0,0.214896214896,34.7851037851
976.0,-181.0,792.0,9.0,0.043956043956,34.956043956
895.0,-188.0,732.0,27.0,0.229548229548,34.7704517705
820.0,-199.0,987.0,30.0,9.65079365079,25.3492063492
934.0,-199.0,809.0,25.0,0.02442002442,34.9755799756
888.0,-182.0,922.0,26.0,8.4884004884,26.5115995116
973.0,-191.0,925.0,16.0,14.5152625153,20.4847374847
771.0,-162.0,792.0,10.0,0.0,35.0
961.0,-170.0,903.0,6.0,5.52869352869,29.4713064713
820.0,-199.0,987.0,38.0,4.41514041514,30.5848595849
939.0,-187.0,908.0,21.0,8.4884004884,26.5115995116
752.0,-150.0,937.0,34.0,8.15628815629,26.8437118437
925.0,-158.0,985.0,27.0,6.87179487179,28.1282051282
983.0,-185.0,746.0,17.0,0.117216117216,34.8827838828
718.0,-175.0,925.0,23.0,8.26373626374,26.7362637363
999.0,-189.0,839.0,9.0,0.043956043956,34.956043956
982.0,-158.0,919.0,38.0,10.1636141636,24.8363858364
898.0,-198.0,878.0,38.0,0.302808302808,34.6971916972
917.0,-194.0,797.0,12.0,0.0,35.0
921.0,-190.0,997.0,36.0,6.55433455433,28.4456654457
900.0,-195.0,732.0,16.0,0.214896214896,34.7851037851
869.0,-182.0,864.0,24.0,0.336996336996,34.663003663
828.0,-186.0,720.0,38.0,0.185592185592,34.8144078144
969.0,-194.0,773.0,13.0,0.0,35.0
942.0,-172.0,709.0,7.0,0.0,35.0
766.0,-167.0,832.0,5.0,0.0,35.0
720.0,-171.0,752.0,25.0,0.185592185592,34.8144078144
942.0,-169.0,920.0,18.0,8.74236874237,26.2576312576
996.0,-178.0,913.0,20.0,11.4383394383,23.5616605617
783.0,-191.0,763.0,18.0,0.0,35.0
961.0,-162.0,911.0,8.0,8.49816849817,26.5018315018
865.0,-182.0,991.0,31.0,6.31013431013,28.6898656899
957.0,-178.0,931.0,21.0,13.4896214896,21.5103785104
800.0,-187.0,877.0,31.0,0.253968253968,34.746031746
893.0,-153.0,921.0,7.0,8.22466422466,26.7753357753
944.0,-160.0,730.0,12.0,0.029304029304,34.9706959707
887.0,-190.0,816.0,35.0,0.224664224664,34.7753357753
877.0,-173.0,919.0,36.0,7.81440781441,27.1855921856
890.0,-179.0,918.0,8.0,7.91208791209,27.0879120879
886.0,-195.0,921.0,17.0,6.65201465201,28.347985348
997.0,-174.0,908.0,18.0,9.05006105006,25.9499389499
746.0,-170.0,736.0,20.0,0.0,35.0
841.0,-162.0,911.0,36.0,2.18803418803,32.811965812
744.0,-167.0,918.0,22.0,2.48595848596,32.514041514
917.0,-176.0,838.0,39.0,0.253968253968,34.746031746
945.0,-178.0,921.0,16.0,9.81196581197,25.188034188
914.0,-171.0,922.0,23.0,7.85347985348,27.1465201465
954.0,-189.0,928.0,20.0,13.6166056166,21.3833943834
946.0,-168.0,851.0,20.0,0.0879120879121,34.9120879121
702.0,-152.0,747.0,35.0,0.332112332112,34.6678876679
973.0,-188.0,922.0,9.0,5.9242979243,29.0757020757
983.0,-176.0,816.0,20.0,0.0634920634921,34.9365079365
955.0,-171.0,919.0,15.0,8.4590964591,26.5409035409
959.0,-184.0,949.0,9.0,11.5653235653,23.4346764347
905.0,-175.0,966.0,22.0,8.43956043956,26.5604395604
835.0,-170.0,979.0,20.0,7.97557997558,27.0244200244
970.0,-167.0,701.0,20.0,0.0586080586081,34.9413919414
938.0,-194.0,949.0,13.0,0.0634920634921,34.9365079365
991.0,-159.0,899.0,19.0,2.03663003663,32.9633699634
952.0,-185.0,941.0,17.0,11.619047619,23.380952381
940.0,-175.0,907.0,21.0,8.81562881563,26.1843711844
730.0,-164.0,920.0,22.0,2.99389499389,32.0061050061
797.0,-169.0,921.0,19.0,8.62026862027,26.3797313797
795.0,-164.0,920.0,6.0,6.81807081807,28.1819291819
988.0,-192.0,734.0,8.0,0.0586080586081,34.9413919414
909.0,-185.0,921.0,20.0,8.8253968254,26.1746031746
920.0,-173.0,735.0,16.0,0.141636141636,34.8583638584
988.0,-169.0,751.0,15.0,0.043956043956,34.956043956
964.0,-171.0,922.0,18.0,12.0146520147,22.9853479853
973.0,-196.0,901.0,13.0,8.96703296703,26.032967033
718.0,-189.0,848.0,12.0,0.0,35.0
926.0,-156.0,947.0,32.0,11.7557997558,23.2442002442
914.0,-178.0,846.0,33.0,0.224664224664,34.7753357753
705.0,-184.0,986.0,19.0,5.48962148962,29.5103785104
826.0,-156.0,924.0,25.0,8.38583638584,26.6141636142
785.0,-158.0,801.0,16.0,0.0,35.0
937.0,-176.0,925.0,7.0,6.11477411477,28.8852258852
797.0,-198.0,921.0,8.0,5.40170940171,29.5982905983
801.0,-161.0,779.0,13.0,0.0,35.0
902.0,-158.0,768.0,19.0,0.200244200244,34.7997557998
928.0,-198.0,921.0,29.0,13.9975579976,21.0024420024
922.0,-191.0,911.0,22.0,7.56043956044,27.4395604396
921.0,-163.0,915.0,22.0,8.19047619048,26.8095238095
990.0,-193.0,827.0,21.0,0.1221001221,34.8778998779
921.0,-197.0,904.0,10.0,7.40903540904,27.590964591
746.0,-165.0,907.0,34.0,0.361416361416,34.6385836386
888.0,-175.0,779.0,14.0,0.0,35.0
847.0,-160.0,792.0,15.0,0.156288156288,34.8437118437
709.0,-195.0,920.0,22.0,8.2735042735,26.7264957265
706.0,-180.0,915.0,7.0,2.34432234432,32.6556776557
975.0,-190.0,861.0,10.0,0.288156288156,34.7118437118
948.0,-191.0,921.0,22.0,13.851037851,21.148962149
890.0,-190.0,956.0,16.0,10.0073260073,24.9926739927
944.0,-172.0,817.0,11.0,0.0,35.0
807.0,-194.0,925.0,39.0,7.4188034188,27.5811965812
880.0,-198.0,803.0,34.0,0.185592185592,34.8144078144
906.0,-157.0,909.0,30.0,2.88156288156,32.1184371184
943.0,-195.0,785.0,13.0,0.0,35.0
867.0,-174.0,906.0,9.0,2.6568986569,32.3431013431
943.0,-187.0,959.0,7.0,10.6422466422,24.3577533578
768.0,-182.0,794.0,18.0,0.0,35.0
858.0,-196.0,921.0,29.0,10.1733821734,24.8266178266
758.0,-192.0,911.0,36.0,7.67765567766,27.3223443223
900.0,-167.0,897.0,23.0,0.31746031746,34.6825396825
849.0,-169.0,990.0,29.0,6.51037851038,28.4896214896
938.0,-166.0,730.0,20.0,0.0732600732601,34.9267399267
761.0,-171.0,916.0,20.0,3.02808302808,31.9719169719
881.0,-192.0,830.0,40.0,0.258852258852,34.7411477411
843.0,-172.0,925.0,37.0,8.09768009768,26.9023199023
878.0,-190.0,918.0,33.0,8.87912087912,26.1208791209
934.0,-163.0,977.0,7.0,9.87057387057,25.1294261294
875.0,-195.0,803.0,28.0,0.239316239316,34.7606837607
955.0,-161.0,923.0,30.0,11.3357753358,23.6642246642
750.0,-196.0,721.0,19.0,0.0,35.0
755.0,-181.0,924.0,6.0,7.82417582418,27.1758241758
726.0,-182.0,937.0,9.0,5.45054945055,29.5494505495
747.0,-177.0,829.0,39.0,0.210012210012,34.78998779
961.0,-176.0,929.0,7.0,5.69963369963,29.3003663004
911.0,-186.0,754.0,32.0,0.19536019536,34.8046398046
808.0,-174.0,897.0,15.0,0.161172161172,34.8388278388
847.0,-181.0,738.0,31.0,0.234432234432,34.7655677656
866.0,-167.0,733.0,15.0,0.21978021978,34.7802197802
978.0,-187.0,772.0,30.0,0.0976800976801,34.9023199023
719.0,-164.0,977.0,8.0,4.76678876679,30.2332112332
880.0,-154.0,790.0,20.0,0.263736263736,34.7362637363
847.0,-160.0,923.0,8.0,8.84981684982,26.1501831502
889.0,-156.0,747.0,9.0,0.19536019536,34.8046398046
996.0,-152.0,933.0,8.0,0.0927960927961,34.9072039072
721.0,-173.0,893.0,39.0,0.322344322344,34.6776556777
859.0,-186.0,985.0,34.0,6.30036630037,28.6996336996
732.0,-189.0,979.0,34.0,6.66178266178,28.3382173382
919.0,-194.0,921.0,17.0,12.9523809524,22.0476190476
715.0,-179.0,989.0,37.0,6.19291819292,28.8070818071
723.0,-193.0,775.0,25.0,0.29304029304,34.706959707
719.0,-182.0,863.0,38.0,0.312576312576,34.6874236874
872.0,-160.0,922.0,30.0,6.62759462759,28.3724053724
906.0,-192.0,935.0,20.0,13.3675213675,21.6324786325
764.0,-195.0,854.0,21.0,0.200244200244,34.7997557998
910.0,-189.0,912.0,27.0,9.44566544567,25.5543345543
779.0,-166.0,975.0,13.0,9.02075702076,25.9792429792
766.0,-180.0,820.0,10.0,0.156288156288,34.8437118437
869.0,-162.0,947.0,22.0,14.2075702076,20.7924297924
864.0,-183.0,923.0,25.0,14.9304029304,20.0695970696
850.0,-199.0,923.0,16.0,8.884004884,26.115995116
740.0,-169.0,730.0,37.0,0.346764346764,34.6532356532
988.0,-196.0,983.0,20.0,0.302808302808,34.6971916972
844.0,-185.0,979.0,22.0,7.93162393162,27.0683760684
949.0,-192.0,937.0,14.0,12.8644688645,22.1355311355
976.0,-170.0,970.0,9.0,10.9499389499,24.0500610501
856.0,-192.0,951.0,29.0,10.0610500611,24.9389499389
836.0,-166.0,928.0,24.0,13.6166056166,21.3833943834
844.0,-185.0,979.0,23.0,7.99023199023,27.0097680098
774.0,-155.0,939.0,19.0,10.0805860806,24.9194139194
927.0,-184.0,830.0,8.0,0.004884004884,34.9951159951
847.0,-167.0,846.0,39.0,0.249084249084,34.7509157509
893.0,-168.0,923.0,13.0,11.9755799756,23.0244200244
873.0,-177.0,921.0,11.0,11.3553113553,23.6446886447
929.0,-154.0,957.0,9.0,12.4102564103,22.5897435897
861.0,-193.0,885.0,14.0,0.297924297924,34.7020757021
901.0,-159.0,941.0,15.0,13.8998778999,21.1001221001
762.0,-193.0,854.0,9.0,0.0976800976801,34.9023199023
948.0,-173.0,955.0,32.0,10.0610500611,24.9389499389
709.0,-189.0,966.0,5.0,8.50305250305,26.4969474969
822.0,-167.0,725.0,22.0,0.0976800976801,34.9023199023
840.0,-178.0,932.0,24.0,0.297924297924,34.7020757021
895.0,-192.0,914.0,18.0,11.9365079365,23.0634920635
910.0,-196.0,769.0,10.0,0.0586080586081,34.9413919414
986.0,-174.0,958.0,29.0,8.78632478632,26.2136752137
946.0,-160.0,788.0,23.0,0.0976800976801,34.9023199023
807.0,-157.0,926.0,23.0,8.9474969475,26.0525030525
787.0,-167.0,734.0,19.0,0.0,35.0
805.0,-191.0,978.0,7.0,0.1221001221,34.8778998779
878.0,-173.0,977.0,13.0,9.24053724054,25.7594627595
911.0,-157.0,949.0,37.0,12.0195360195,22.9804639805
920.0,-151.0,949.0,33.0,12.5518925519,22.4481074481
878.0,-191.0,926.0,20.0,12.4444444444,22.5555555556
983.0,-186.0,756.0,15.0,0.0781440781441,34.9218559219
727.0,-180.0,947.0,25.0,0.312576312576,34.6874236874
978.0,-185.0,947.0,13.0,12.3076923077,22.6923076923
915.0,-176.0,960.0,24.0,9.0989010989,25.9010989011
849.0,-166.0,834.0,14.0,0.229548229548,34.7704517705
951.0,-154.0,982.0,12.0,9.71428571429,25.2857142857
940.0,-179.0,957.0,17.0,9.85592185592,25.1440781441
994.0,-176.0,886.0,14.0,0.258852258852,34.7411477411
917.0,-165.0,947.0,20.0,12.9328449328,22.0671550672
869.0,-200.0,844.0,6.0,0.180708180708,34.8192918193
913.0,-195.0,978.0,9.0,9.65567765568,25.3443223443
890.0,-155.0,973.0,15.0,9.90964590965,25.0903540904
898.0,-175.0,978.0,23.0,7.70695970696,27.293040293
806.0,-194.0,960.0,16.0,9.45054945055,25.5494505495
946.0,-178.0,974.0,5.0,10.3931623932,24.6068376068
868.0,-175.0,716.0,20.0,0.258852258852,34.7411477411
915.0,-181.0,897.0,14.0,0.952380952381,34.0476190476
912.0,-154.0,941.0,30.0,14.2612942613,20.7387057387
909.0,-156.0,949.0,6.0,7.27716727717,27.7228327228
722.0,-179.0,928.0,24.0,9.57264957265,25.4273504274
840.0,-197.0,821.0,12.0,0.112332112332,34.8876678877
896.0,-175.0,970.0,21.0,8.80097680098,26.199023199
853.0,-200.0,985.0,20.0,7.50183150183,27.4981684982
811.0,-158.0,706.0,30.0,0.043956043956,34.956043956
834.0,-162.0,985.0,21.0,0.175824175824,34.8241758242
824.0,-159.0,926.0,22.0,8.29304029304,26.706959707
981.0,-180.0,946.0,7.0,13.2258852259,21.7741147741
927.0,-182.0,985.0,19.0,7.56043956044,27.4395604396
912.0,-199.0,907.0,37.0,9.8021978022,25.1978021978
986.0,-155.0,830.0,22.0,0.0879120879121,34.9120879121
833.0,-157.0,941.0,24.0,14.0366300366,20.9633699634
781.0,-194.0,998.0,12.0,7.34554334554,27.6544566545
908.0,-181.0,726.0,26.0,0.239316239316,34.7606837607
724.0,-173.0,868.0,20.0,0.117216117216,34.8827838828
803.0,-156.0,883.0,29.0,0.14652014652,34.8534798535
895.0,-195.0,741.0,22.0,0.200244200244,34.7997557998
804.0,-168.0,836.0,22.0,0.0,35.0
870.0,-164.0,946.0,28.0,11.4285714286,23.5714285714
711.0,-195.0,978.0,9.0,7.22832722833,27.7716727717
920.0,-181.0,935.0,17.0,14.4761904762,20.5238095238
951.0,-182.0,901.0,23.0,6.01709401709,28.9829059829
871.0,-184.0,920.0,34.0,11.9755799756,23.0244200244
910.0,-170.0,920.0,38.0,8.83516483516,26.1648351648
951.0,-176.0,852.0,27.0,0.102564102564,34.8974358974
843.0,-174.0,730.0,28.0,0.239316239316,34.7606837607
991.0,-164.0,945.0,23.0,0.2442002442,34.7557997558
801.0,-181.0,970.0,19.0,8.92796092796,26.072039072
989.0,-157.0,967.0,36.0,7.97557997558,27.0244200244
800.0,-195.0,913.0,39.0,9.47496947497,25.525030525
737.0,-187.0,935.0,35.0,11.2234432234,23.7765567766
941.0,-193.0,800.0,14.0,0.214896214896,34.7851037851
854.0,-179.0,767.0,10.0,0.19536019536,34.8046398046
855.0,-181.0,952.0,11.0,10.0708180708,24.9291819292
868.0,-194.0,927.0,16.0,11.5067155067,23.4932844933
938.0,-168.0,728.0,25.0,0.0537240537241,34.9462759463
754.0,-187.0,947.0,31.0,12.5225885226,22.4774114774
852.0,-163.0,996.0,15.0,8.27838827839,26.7216117216
832.0,-191.0,726.0,28.0,0.21978021978,34.7802197802
877.0,-187.0,919.0,38.0,11.4920634921,23.5079365079
874.0,-171.0,944.0,29.0,12.5128205128,22.4871794872
820.0,-187.0,936.0,29.0,11.5653235653,23.4346764347
825.0,-163.0,894.0,12.0,0.258852258852,34.7411477411
856.0,-175.0,746.0,7.0,0.17094017094,34.8290598291
926.0,-153.0,902.0,35.0,0.302808302808,34.6971916972
862.0,-169.0,720.0,14.0,0.214896214896,34.7851037851
822.0,-175.0,917.0,37.0,0.229548229548,34.7704517705
967.0,-185.0,871.0,38.0,0.297924297924,34.7020757021
907.0,-194.0,951.0,8.0,11.2136752137,23.7863247863
859.0,-153.0,823.0,20.0,0.2442002442,34.7557997558
863.0,-176.0,936.0,26.0,12.547008547,22.452991453
941.0,-167.0,844.0,39.0,0.112332112332,34.8876678877
768.0,-181.0,785.0,26.0,0.141636141636,34.8583638584
864.0,-198.0,935.0,39.0,12.9963369963,22.0036630037
898.0,-158.0,941.0,37.0,13.6459096459,21.3540903541
888.0,-167.0,804.0,14.0,0.224664224664,34.7753357753
863.0,-153.0,945.0,31.0,14.1294261294,20.8705738706
826.0,-162.0,937.0,15.0,5.21611721612,29.7838827839
887.0,-178.0,791.0,18.0,0.210012210012,34.78998779
711.0,-183.0,923.0,14.0,0.547008547009,34.452991453
880.0,-169.0,820.0,6.0,0.0,35.0
749.0,-182.0,827.0,8.0,0.0,35.0
941.0,-192.0,752.0,29.0,0.175824175824,34.8241758242
815.0,-156.0,940.0,7.0,0.0,35.0
728.0,-151.0,754.0,16.0,0.14652014652,34.8534798535
976.0,-174.0,754.0,29.0,0.200244200244,34.7997557998
765.0,-163.0,965.0,10.0,8.06837606838,26.9316239316
801.0,-176.0,945.0,9.0,5.67032967033,29.3296703297
865.0,-169.0,843.0,14.0,0.214896214896,34.7851037851
770.0,-191.0,945.0,22.0,12.2588522589,22.7411477411
799.0,-166.0,934.0,18.0,5.09401709402,29.905982906
875.0,-200.0,819.0,25.0,0.224664224664,34.7753357753
864.0,-183.0,839.0,25.0,0.2442002442,34.7557997558
983.0,-186.0,933.0,27.0,12.4835164835,22.5164835165
774.0,-156.0,826.0,24.0,0.2442002442,34.7557997558
797.0,-175.0,934.0,19.0,5.15750915751,29.8424908425
858.0,-164.0,838.0,35.0,0.21978021978,34.7802197802
866.0,-156.0,995.0,22.0,8.36141636142,26.6385836386
873.0,-174.0,911.0,31.0,8.7032967033,26.2967032967
908.0,-160.0,831.0,21.0,0.200244200244,34.7997557998
702.0,-162.0,866.0,23.0,0.210012210012,34.78998779
863.0,-153.0,945.0,39.0,12.3467643468,22.6532356532
905.0,-159.0,740.0,8.0,0.14652014652,34.8534798535
815.0,-157.0,944.0,15.0,2.83760683761,32.1623931624
895.0,-178.0,907.0,23.0,8.91330891331,26.0866910867
957.0,-170.0,937.0,26.0,13.1086691087,21.8913308913
869.0,-166.0,835.0,8.0,0.205128205128,34.7948717949
867.0,-171.0,733.0,37.0,0.2442002442,34.7557997558
703.0,-165.0,884.0,9.0,0.239316239316,34.7606837607
828.0,-162.0,791.0,40.0,0.19536019536,34.8046398046
795.0,-157.0,944.0,26.0,6.11477411477,28.8852258852
958.0,-161.0,729.0,16.0,0.19536019536,34.8046398046
877.0,-156.0,906.0,9.0,0.302808302808,34.6971916972
816.0,-154.0,919.0,11.0,5.02075702076,29.9792429792
880.0,-183.0,936.0,6.0,6.17826617827,28.8217338217
897.0,-154.0,908.0,23.0,1.68986568987,33.3101343101
969.0,-178.0,972.0,24.0,7.87301587302,27.126984127
901.0,-165.0,859.0,20.0,0.273504273504,34.7264957265
873.0,-177.0,934.0,26.0,12.3858363858,22.6141636142
903.0,-188.0,930.0,5.0,5.28449328449,29.7155067155
943.0,-183.0,938.0,28.0,11.9267399267,23.0732600733
704.0,-197.0,926.0,26.0,7.96092796093,27.0390720391
956.0,-185.0,941.0,30.0,12.2490842491,22.7509157509
932.0,-154.0,941.0,28.0,14.2564102564,20.7435897436
833.0,-176.0,820.0,18.0,0.185592185592,34.8144078144
862.0,-157.0,754.0,14.0,0.224664224664,34.7753357753
895.0,-183.0,933.0,10.0,0.239316239316,34.7606837607
987.0,-158.0,931.0,11.0,11.9462759463,23.0537240537
912.0,-170.0,750.0,26.0,0.210012210012,34.78998779
857.0,-183.0,938.0,34.0,8.30280830281,26.6971916972
902.0,-162.0,886.0,28.0,0.297924297924,34.7020757021
837.0,-154.0,944.0,31.0,11.8241758242,23.1758241758
900.0,-154.0,910.0,35.0,8.24908424908,26.7509157509
807.0,-183.0,955.0,25.0,10.7252747253,24.2747252747
883.0,-173.0,929.0,39.0,12.800976801,22.199023199
841.0,-167.0,906.0,26.0,1.15262515263,33.8473748474
932.0,-154.0,941.0,28.0,14.0659340659,20.9340659341
929.0,-163.0,983.0,36.0,7.16971916972,27.8302808303
908.0,-162.0,996.0,20.0,7.5115995116,27.4884004884
908.0,-154.0,946.0,23.0,13.6800976801,21.3199023199
910.0,-172.0,914.0,31.0,9.07448107448,25.9255189255
923.0,-155.0,777.0,5.0,0.0,35.0
714.0,-171.0,923.0,22.0,7.09645909646,27.9035409035
838.0,-199.0,789.0,25.0,0.175824175824,34.8241758242
879.0,-158.0,939.0,8.0,7.58974358974,27.4102564103
966.0,-162.0,940.0,24.0,13.0891330891,21.9108669109
739.0,-193.0,935.0,33.0,10.6666666667,24.3333333333
957.0,-153.0,809.0,11.0,0.229548229548,34.7704517705
898.0,-186.0,939.0,15.0,13.7728937729,21.2271062271
890.0,-184.0,838.0,34.0,0.214896214896,34.7851037851
905.0,-182.0,947.0,27.0,11.1550671551,23.8449328449
839.0,-158.0,973.0,23.0,9.24053724054,25.7594627595
883.0,-191.0,757.0,6.0,0.1221001221,34.8778998779
704.0,-185.0,780.0,26.0,0.156288156288,34.8437118437
893.0,-156.0,941.0,28.0,11.4725274725,23.5274725275
898.0,-155.0,734.0,11.0,0.200244200244,34.7997557998
814.0,-178.0,942.0,24.0,0.21978021978,34.7802197802
957.0,-195.0,802.0,25.0,0.039072039072,34.9609279609
875.0,-154.0,837.0,29.0,0.239316239316,34.7606837607
932.0,-154.0,941.0,28.0,14.1147741148,20.8852258852
888.0,-174.0,721.0,25.0,0.229548229548,34.7704517705
902.0,-187.0,976.0,5.0,0.175824175824,34.8241758242
924.0,-197.0,704.0,39.0,0.0,35.0
809.0,-172.0,936.0,27.0,0.136752136752,34.8632478632
877.0,-165.0,858.0,27.0,0.253968253968,34.746031746
819.0,-163.0,930.0,28.0,8.04884004884,26.9511599512
880.0,-161.0,730.0,37.0,0.185592185592,34.8144078144
714.0,-189.0,701.0,14.0,0.0,35.0
753.0,-168.0,810.0,25.0,0.175824175824,34.8241758242
975.0,-169.0,924.0,28.0,8.3956043956,26.6043956044
860.0,-184.0,872.0,23.0,0.351648351648,34.6483516484
935.0,-168.0,935.0,11.0,9.33333333333,25.6666666667
949.0,-154.0,772.0,33.0,0.0,35.0
820.0,-184.0,751.0,33.0,0.0,35.0
803.0,-155.0,761.0,15.0,0.0,35.0
840.0,-165.0,895.0,31.0,0.278388278388,34.7216117216
927.0,-163.0,869.0,31.0,0.239316239316,34.7606837607
869.0,-166.0,774.0,15.0,0.239316239316,34.7606837607
862.0,-154.0,941.0,30.0,1.04517704518,33.9548229548
914.0,-170.0,941.0,29.0,13.4017094017,21.5982905983
793.0,-167.0,990.0,28.0,7.65811965812,27.3418803419
987.0,-182.0,838.0,28.0,0.14652014652,34.8534798535
839.0,-168.0,960.0,24.0,11.8925518926,23.1074481074
916.0,-163.0,820.0,34.0,0.14652014652,34.8534798535
911.0,-178.0,954.0,40.0,0.0,35.0
861.0,-168.0,819.0,21.0,0.0,35.0
840.0,-171.0,927.0,14.0,0.0,35.0
876.0,-154.0,817.0,29.0,0.0,35.0
865.0,-186.0,950.0,40.0,0.0,35.0
894.0,-187.0,951.0,7.0,0.0,35.0
880.0,-198.0,853.0,26.0,0.0,35.0
992.0,-175.0,933.0,27.0,0.0,35.0
966.0,-163.0,844.0,29.0,0.0,35.0
934.0,-181.0,938.0,7.0,0.0,35.0
953.0,-181.0,938.0,24.0,0.0,35.0
763.0,-155.0,944.0,24.0,0.0,35.0
743.0,-153.0,937.0,20.0,0.0,35.0
933.0,-179.0,778.0,27.0,0.0,35.0
819.0,-152.0,944.0,25.0,0.0,35.0
713.0,-182.0,853.0,30.0,0.0,35.0
912.0,-185.0,824.0,9.0,0.0,35.0
932.0,-189.0,941.0,30.0,0.0,35.0
742.0,-169.0,849.0,15.0,0.0,35.0
922.0,-169.0,930.0,28.0,0.0,35.0
995.0,-177.0,763.0,26.0,0.0,35.0
911.0,-161.0,939.0,13.0,0.0,35.0
938.0,-159.0,929.0,10.0,0.0,35.0
901.0,-178.0,935.0,14.0,0.0,35.0
985.0,-171.0,939.0,34.0,0.0,35.0
840.0,-162.0,925.0,28.0,0.0,35.0
716.0,-183.0,930.0,10.0,7.30647130647,27.6935286935
955.0,-160.0,868.0,27.0,0.0,35.0
859.0,-181.0,837.0,27.0,0.253968253968,34.746031746
959.0,-151.0,850.0,29.0,0.117216117216,34.8827838828
847.0,-193.0,969.0,21.0,8.79609279609,26.2039072039
884.0,-178.0,705.0,30.0,0.263736263736,34.7362637363
989.0,-159.0,914.0,24.0,4.11233211233,30.8876678877
926.0,-190.0,939.0,21.0,12.8547008547,22.1452991453
960.0,-162.0,733.0,13.0,0.00976800976801,34.9902319902
976.0,-173.0,715.0,29.0,0.180708180708,34.8192918193
792.0,-197.0,781.0,23.0,0.0,35.0
721.0,-157.0,752.0,29.0,0.263736263736,34.7362637363
721.0,-166.0,783.0,34.0,0.205128205128,34.7948717949
973.0,-159.0,975.0,39.0,8.00976800977,26.9902319902
809.0,-161.0,896.0,11.0,0.19536019536,34.8046398046
970.0,-191.0,800.0,38.0,0.1221001221,34.8778998779
901.0,-185.0,837.0,27.0,0.214896214896,34.7851037851
706.0,-180.0,930.0,25.0,7.14041514042,27.8595848596
785.0,-181.0,930.0,25.0,5.97802197802,29.021978022
704.0,-171.0,959.0,8.0,7.19413919414,27.8058608059
911.0,-167.0,853.0,21.0,0.21978021978,34.7802197802
862.0,-173.0,912.0,37.0,8.41025641026,26.5897435897
873.0,-173.0,793.0,6.0,0.112332112332,34.8876678877
900.0,-186.0,950.0,21.0,10.7643467643,24.2356532357
823.0,-156.0,867.0,22.0,0.278388278388,34.7216117216
868.0,-189.0,938.0,37.0,13.2454212454,21.7545787546
926.0,-192.0,773.0,24.0,0.0781440781441,34.9218559219
955.0,-193.0,966.0,21.0,8.63003663004,26.36996337
823.0,-186.0,944.0,12.0,10.5885225885,24.4114774115
881.0,-163.0,939.0,19.0,13.4017094017,21.5982905983
917.0,-170.0,930.0,20.0,14.778998779,20.221001221
915.0,-165.0,994.0,14.0,8.11721611722,26.8827838828
922.0,-191.0,856.0,14.0,0.0976800976801,34.9023199023
740.0,-193.0,824.0,37.0,0.312576312576,34.6874236874
947.0,-178.0,964.0,12.0,10.1538461538,24.8461538462
945.0,-164.0,932.0,22.0,13.8608058608,21.1391941392
803.0,-177.0,929.0,13.0,4.6105006105,30.3894993895
869.0,-185.0,921.0,7.0,7.04273504274,27.9572649573
731.0,-169.0,737.0,26.0,0.2442002442,34.7557997558
989.0,-182.0,840.0,32.0,0.136752136752,34.8632478632
912.0,-189.0,940.0,21.0,13.0354090354,21.9645909646
914.0,-189.0,949.0,21.0,11.0573870574,23.9426129426
927.0,-198.0,828.0,25.0,0.0586080586081,34.9413919414
890.0,-179.0,832.0,36.0,0.239316239316,34.7606837607
949.0,-171.0,963.0,21.0,8.83028083028,26.1697191697
851.0,-183.0,721.0,23.0,0.234432234432,34.7655677656
797.0,-189.0,960.0,34.0,7.95115995116,27.0488400488
721.0,-190.0,793.0,16.0,0.19536019536,34.8046398046
876.0,-167.0,930.0,8.0,5.3137973138,29.6862026862
873.0,-175.0,868.0,18.0,0.297924297924,34.7020757021
913.0,-195.0,956.0,21.0,9.87545787546,25.1245421245
813.0,-162.0,908.0,21.0,3.65323565324,31.3467643468
703.0,-173.0,996.0,19.0,5.97802197802,29.021978022
844.0,-192.0,834.0,20.0,0.229548229548,34.7704517705
840.0,-160.0,924.0,9.0,8.20512820513,26.7948717949
968.0,-181.0,927.0,39.0,13.3626373626,21.6373626374
862.0,-180.0,884.0,24.0,0.307692307692,34.6923076923
848.0,-156.0,841.0,26.0,0.234432234432,34.7655677656
881.0,-160.0,940.0,29.0,13.010989011,21.989010989
872.0,-171.0,939.0,26.0,13.5091575092,21.4908424908
711.0,-171.0,937.0,32.0,6.64713064713,28.3528693529
894.0,-189.0,944.0,38.0,11.3064713065,23.6935286935
963.0,-183.0,930.0,21.0,14.2417582418,20.7582417582
937.0,-187.0,932.0,26.0,13.5482295482,21.4517704518
892.0,-173.0,930.0,37.0,14.2417582418,20.7582417582
718.0,-188.0,924.0,20.0,8.07814407814,26.9218559219
889.0,-192.0,929.0,16.0,7.18925518926,27.8107448107
891.0,-160.0,830.0,12.0,0.14652014652,34.8534798535
998.0,-181.0,902.0,26.0,9.41147741148,25.5885225885
901.0,-169.0,937.0,23.0,13.6556776557,21.3443223443
727.0,-162.0,781.0,32.0,0.200244200244,34.7997557998
751.0,-177.0,985.0,14.0,9.15750915751,25.8424908425
823.0,-154.0,926.0,35.0,7.91697191697,27.083028083
770.0,-182.0,848.0,7.0,0.0,35.0
743.0,-188.0,726.0,36.0,0.249084249084,34.7509157509
896.0,-185.0,884.0,24.0,0.312576312576,34.6874236874
766.0,-197.0,816.0,26.0,0.136752136752,34.8632478632
734.0,-156.0,785.0,27.0,0.175824175824,34.8241758242
783.0,-173.0,952.0,19.0,8.84493284493,26.1550671551
720.0,-170.0,978.0,20.0,6.95482295482,28.0451770452
778.0,-182.0,908.0,23.0,1.69474969475,33.3052503053
980.0,-182.0,931.0,23.0,13.5384615385,21.4615384615
801.0,-169.0,919.0,8.0,6.25152625153,28.7484737485
919.0,-160.0,769.0,23.0,0.0,35.0
799.0,-169.0,801.0,22.0,0.0,35.0
903.0,-164.0,937.0,8.0,7.27716727717,27.7228327228
921.0,-193.0,944.0,22.0,11.7851037851,23.2148962149
757.0,-177.0,917.0,8.0,7.61904761905,27.380952381
848.0,-173.0,939.0,39.0,12.9621489621,22.0378510379
836.0,-185.0,743.0,30.0,0.180708180708,34.8192918193
838.0,-169.0,935.0,10.0,7.53113553114,27.4688644689
718.0,-158.0,841.0,22.0,0.19536019536,34.8046398046
831.0,-169.0,752.0,28.0,0.141636141636,34.8583638584
935.0,-175.0,788.0,33.0,0.004884004884,34.9951159951
953.0,-173.0,945.0,21.0,10.9694749695,24.0305250305
702.0,-177.0,712.0,22.0,0.156288156288,34.8437118437
715.0,-173.0,993.0,10.0,6.65201465201,28.347985348
848.0,-191.0,936.0,16.0,12.0293040293,22.9706959707
959.0,-161.0,968.0,8.0,10.6227106227,24.3772893773
993.0,-177.0,817.0,8.0,0.0830280830281,34.916971917
978.0,-172.0,937.0,21.0,12.2295482295,22.7704517705
848.0,-191.0,992.0,19.0,8.08791208791,26.9120879121
877.0,-168.0,939.0,38.0,12.8302808303,22.1697191697
812.0,-198.0,814.0,21.0,0.0586080586081,34.9413919414
917.0,-156.0,932.0,8.0,6.61294261294,28.3870573871
932.0,-151.0,930.0,13.0,10.862026862,24.137973138
959.0,-175.0,820.0,17.0,0.0,35.0
955.0,-172.0,934.0,11.0,13.7631257631,21.2368742369
857.0,-182.0,862.0,19.0,0.31746031746,34.6825396825
882.0,-152.0,934.0,31.0,13.9877899878,21.0122100122
751.0,-174.0,930.0,37.0,7.36507936508,27.6349206349
936.0,-179.0,930.0,21.0,14.5836385836,20.4163614164
998.0,-170.0,933.0,6.0,10.778998779,24.221001221
896.0,-151.0,933.0,13.0,7.99511599512,27.0048840049
895.0,-183.0,930.0,31.0,14.3247863248,20.6752136752
774.0,-150.0,932.0,40.0,10.6862026862,24.3137973138
994.0,-174.0,945.0,30.0,10.0805860806,24.9194139194
956.0,-176.0,869.0,18.0,0.04884004884,34.9511599512
794.0,-154.0,762.0,9.0,0.0,35.0
721.0,-172.0,935.0,14.0,8.55677655678,26.4432234432
860.0,-177.0,821.0,8.0,0.141636141636,34.8583638584
869.0,-183.0,933.0,21.0,13.3626373626,21.6373626374
787.0,-163.0,858.0,19.0,0.043956043956,34.956043956
711.0,-166.0,945.0,20.0,7.85347985348,27.1465201465
920.0,-187.0,907.0,33.0,7.57997557998,27.42002442
917.0,-172.0,939.0,26.0,12.6007326007,22.3992673993
948.0,-173.0,898.0,33.0,8.78632478632,26.2136752137
957.0,-168.0,930.0,22.0,14.105006105,20.894993895
921.0,-189.0,910.0,18.0,7.55555555556,27.4444444444
731.0,-151.0,810.0,30.0,0.2442002442,34.7557997558
888.0,-192.0,890.0,33.0,0.312576312576,34.6874236874
939.0,-168.0,788.0,33.0,0.043956043956,34.956043956
785.0,-159.0,916.0,26.0,7.93162393162,27.0683760684
741.0,-180.0,922.0,35.0,7.68742368742,27.3125763126
917.0,-192.0,932.0,23.0,14.3199023199,20.6800976801
789.0,-170.0,741.0,25.0,0.004884004884,34.9951159951
983.0,-176.0,783.0,22.0,0.0927960927961,34.9072039072
957.0,-156.0,767.0,33.0,0.02442002442,34.9755799756
895.0,-173.0,934.0,17.0,12.4835164835,22.5164835165
721.0,-150.0,775.0,31.0,0.175824175824,34.8241758242
965.0,-173.0,754.0,5.0,0.0,35.0
878.0,-162.0,801.0,22.0,0.214896214896,34.7851037851
937.0,-184.0,888.0,23.0,0.0830280830281,34.916971917
979.0,-156.0,936.0,11.0,14.0268620269,20.9731379731
895.0,-161.0,846.0,18.0,0.214896214896,34.7851037851
917.0,-182.0,934.0,31.0,13.4798534799,21.5201465201
716.0,-156.0,916.0,22.0,3.96092796093,31.0390720391
950.0,-191.0,887.0,37.0,0.0,35.0
806.0,-181.0,869.0,20.0,0.185592185592,34.8144078144
806.0,-193.0,780.0,28.0,0.029304029304,34.9706959707
957.0,-175.0,925.0,8.0,9.04517704518,25.9548229548
824.0,-177.0,947.0,29.0,11.4481074481,23.5518925519
926.0,-174.0,740.0,20.0,0.0,35.0
900.0,-173.0,936.0,13.0,9.31868131868,25.6813186813
729.0,-192.0,725.0,28.0,0.200244200244,34.7997557998
926.0,-191.0,931.0,16.0,7.10134310134,27.8986568987
909.0,-179.0,990.0,17.0,8.23443223443,26.7655677656
965.0,-170.0,743.0,15.0,0.014652014652,34.9853479853
817.0,-170.0,997.0,36.0,7.95604395604,27.043956044
859.0,-163.0,790.0,21.0,0.224664224664,34.7753357753
910.0,-171.0,942.0,32.0,11.7216117216,23.2783882784
888.0,-177.0,934.0,28.0,14.0659340659,20.9340659341
773.0,-174.0,954.0,32.0,10.8278388278,24.1721611722
818.0,-171.0,974.0,27.0,8.41514041514,26.5848595849
817.0,-154.0,872.0,22.0,0.224664224664,34.7753357753
776.0,-184.0,929.0,21.0,7.03785103785,27.9621489621
737.0,-158.0,908.0,36.0,0.361416361416,34.6385836386
916.0,-190.0,793.0,31.0,0.190476190476,34.8095238095
925.0,-175.0,930.0,24.0,14.3638583639,20.6361416361
928.0,-175.0,933.0,29.0,13.347985348,21.652014652
795.0,-174.0,826.0,18.0,0.0,35.0
849.0,-194.0,922.0,25.0,8.77655677656,26.2234432234
933.0,-169.0,900.0,22.0,8.56654456654,26.4334554335
875.0,-163.0,930.0,9.0,5.60683760684,29.3931623932
912.0,-154.0,933.0,17.0,12.2979242979,22.7020757021
905.0,-172.0,797.0,35.0,0.151404151404,34.8485958486
897.0,-162.0,914.0,17.0,8.56654456654,26.4334554335
958.0,-172.0,915.0,25.0,10.9401709402,24.0598290598
934.0,-171.0,930.0,26.0,14.0073260073,20.9926739927
983.0,-194.0,949.0,40.0,9.17216117216,25.8278388278
998.0,-176.0,740.0,24.0,0.200244200244,34.7997557998
923.0,-156.0,890.0,12.0,0.0830280830281,34.916971917
970.0,-192.0,932.0,23.0,13.2698412698,21.7301587302
902.0,-155.0,930.0,23.0,14.7741147741,20.2258852259
914.0,-151.0,930.0,11.0,6.66666666667,28.3333333333
836.0,-186.0,710.0,14.0,0.141636141636,34.8583638584
787.0,-158.0,930.0,30.0,0.0976800976801,34.9023199023
923.0,-179.0,718.0,20.0,0.117216117216,34.8827838828
948.0,-168.0,830.0,37.0,0.0,35.0
777.0,-167.0,857.0,19.0,0.0927960927961,34.9072039072
767.0,-185.0,949.0,24.0,12.6788766789,22.3211233211
974.0,-196.0,775.0,34.0,0.0,35.0
713.0,-177.0,936.0,22.0,5.94871794872,29.0512820513
936.0,-152.0,783.0,11.0,0.0,35.0
893.0,-200.0,930.0,19.0,10.2271062271,24.7728937729
715.0,-166.0,945.0,23.0,7.69719169719,27.3028083028
902.0,-155.0,930.0,23.0,11.7606837607,23.2393162393
834.0,-177.0,930.0,21.0,7.00854700855,27.9914529915
955.0,-181.0,911.0,17.0,8.0293040293,26.9706959707
711.0,-187.0,938.0,22.0,6.37851037851,28.6214896215
934.0,-176.0,930.0,22.0,14.4273504274,20.5726495726
927.0,-172.0,711.0,32.0,0.180708180708,34.8192918193
779.0,-180.0,711.0,24.0,0.0,35.0
793.0,-155.0,935.0,9.0,0.0,35.0
912.0,-170.0,930.0,27.0,14.4029304029,20.5970695971
904.0,-166.0,722.0,22.0,0.224664224664,34.7753357753
788.0,-175.0,701.0,13.0,0.0,35.0
924.0,-154.0,940.0,33.0,0.29304029304,34.706959707
701.0,-184.0,851.0,22.0,0.185592185592,34.8144078144
935.0,-184.0,824.0,22.0,0.004884004884,34.9951159951
959.0,-160.0,813.0,33.0,0.0830280830281,34.916971917
929.0,-156.0,886.0,27.0,0.1221001221,34.8778998779
928.0,-164.0,716.0,31.0,0.210012210012,34.78998779
909.0,-191.0,986.0,5.0,7.61904761905,27.380952381
836.0,-198.0,930.0,25.0,8.71794871795,26.2820512821
710.0,-159.0,930.0,25.0,6.85714285714,28.1428571429
952.0,-169.0,940.0,22.0,12.043956044,22.956043956
911.0,-154.0,944.0,22.0,12.0341880342,22.9658119658
921.0,-192.0,975.0,7.0,10.1978021978,24.8021978022
896.0,-192.0,905.0,22.0,8.68376068376,26.3162393162
934.0,-170.0,960.0,34.0,8.16605616606,26.8339438339
935.0,-198.0,930.0,21.0,14.3833943834,20.6166056166
917.0,-167.0,997.0,22.0,7.01831501832,27.9816849817
918.0,-164.0,930.0,22.0,14.2124542125,20.7875457875
743.0,-164.0,717.0,22.0,0.21978021978,34.7802197802
916.0,-160.0,712.0,22.0,0.200244200244,34.7997557998
934.0,-185.0,710.0,14.0,0.019536019536,34.9804639805
764.0,-192.0,988.0,14.0,0.141636141636,34.8583638584
970.0,-194.0,858.0,21.0,0.102564102564,34.8974358974
791.0,-181.0,930.0,21.0,5.15750915751,29.8424908425
936.0,-178.0,846.0,11.0,0.019536019536,34.9804639805
905.0,-198.0,880.0,17.0,0.297924297924,34.7020757021
935.0,-179.0,920.0,36.0,14.2710622711,20.7289377289
924.0,-194.0,947.0,8.0,11.619047619,23.380952381
935.0,-167.0,738.0,25.0,0.0,35.0
935.0,-185.0,959.0,22.0,14.1636141636,20.8363858364
952.0,-176.0,974.0,10.0,10.0024420024,24.9975579976
921.0,-191.0,802.0,16.0,0.0586080586081,34.9413919414
908.0,-190.0,727.0,32.0,0.229548229548,34.7704517705
934.0,-160.0,961.0,7.0,7.21367521368,27.7863247863
935.0,-155.0,937.0,25.0,12.6495726496,22.3504273504
941.0,-184.0,943.0,36.0,10.568986569,24.431013431
839.0,-185.0,933.0,15.0,8.00976800977,26.9902319902
827.0,-159.0,820.0,15.0,0.0879120879121,34.9120879121
935.0,-195.0,808.0,10.0,0.0,35.0
952.0,-179.0,921.0,27.0,15.072039072,19.927960928
921.0,-177.0,792.0,16.0,0.0,35.0
930.0,-172.0,746.0,22.0,0.0,35.0
976.0,-186.0,947.0,9.0,11.7606837607,23.2393162393
848.0,-150.0,957.0,16.0,10.8131868132,24.1868131868
935.0,-163.0,987.0,27.0,7.01831501832,27.9816849817
815.0,-156.0,920.0,21.0,8.08791208791,26.9120879121
949.0,-169.0,869.0,10.0,0.0,35.0
806.0,-179.0,967.0,31.0,7.82417582418,27.1758241758
894.0,-151.0,989.0,13.0,8.18559218559,26.8144078144
794.0,-181.0,961.0,9.0,8.98656898657,26.0134310134
906.0,-195.0,747.0,27.0,0.214896214896,34.7851037851
748.0,-160.0,838.0,19.0,0.0,35.0
952.0,-154.0,742.0,19.0,0.0,35.0
951.0,-150.0,968.0,15.0,9.57264957265,25.4273504274
899.0,-181.0,839.0,14.0,0.180708180708,34.8192918193
728.0,-191.0,764.0,22.0,0.205128205128,34.7948717949
941.0,-174.0,979.0,40.0,7.06227106227,27.9377289377
946.0,-177.0,936.0,22.0,12.6788766789,22.3211233211
781.0,-152.0,992.0,21.0,7.59951159951,27.4004884005
967.0,-184.0,924.0,30.0,14.6910866911,20.3089133089
818.0,-155.0,713.0,21.0,0.0781440781441,34.9218559219
725.0,-156.0,912.0,10.0,1.77777777778,33.2222222222
739.0,-156.0,870.0,7.0,0.234432234432,34.7655677656
879.0,-164.0,943.0,16.0,12.5763125763,22.4236874237
920.0,-167.0,880.0,37.0,0.0,35.0
932.0,-166.0,747.0,26.0,0.0,35.0
951.0,-179.0,811.0,32.0,0.0,35.0
908.0,-179.0,897.0,32.0,1.49938949939,33.5006105006
926.0,-196.0,957.0,21.0,9.42612942613,25.5738705739
905.0,-199.0,953.0,16.0,10.9987789988,24.0012210012
910.0,-157.0,806.0,27.0,0.166056166056,34.8339438339
937.0,-175.0,932.0,26.0,13.4017094017,21.5982905983
723.0,-158.0,930.0,25.0,6.1684981685,28.8315018315
916.0,-165.0,729.0,38.0,0.0,35.0
889.0,-194.0,927.0,22.0,10.2661782662,24.7338217338
986.0,-153.0,815.0,22.0,0.0830280830281,34.916971917
893.0,-164.0,852.0,22.0,0.249084249084,34.7509157509
950.0,-185.0,931.0,25.0,13.5384615385,21.4615384615
903.0,-165.0,923.0,26.0,8.19047619048,26.8095238095
863.0,-169.0,717.0,24.0,0.185592185592,34.8144078144
937.0,-173.0,742.0,26.0,0.0,35.0
821.0,-195.0,832.0,38.0,0.0,35.0
730.0,-178.0,927.0,31.0,6.66178266178,28.3382173382
920.0,-171.0,924.0,13.0,5.97802197802,29.021978022
863.0,-179.0,922.0,26.0,8.06837606838,26.9316239316
918.0,-172.0,923.0,8.0,5.3137973138,29.6862026862
706.0,-197.0,864.0,6.0,0.0,35.0
905.0,-199.0,953.0,16.0,10.9792429792,24.0207570208
761.0,-167.0,979.0,9.0,9.72893772894,25.2710622711
978.0,-161.0,769.0,23.0,0.0830280830281,34.916971917
904.0,-165.0,951.0,9.0,11.2136752137,23.7863247863
817.0,-190.0,864.0,13.0,0.185592185592,34.8144078144
942.0,-165.0,719.0,20.0,0.02442002442,34.9755799756
906.0,-184.0,930.0,14.0,3.83882783883,31.1611721612
841.0,-180.0,924.0,39.0,8.66910866911,26.3308913309
903.0,-165.0,736.0,33.0,0.17094017094,34.8290598291
934.0,-164.0,931.0,15.0,10.5396825397,24.4603174603
810.0,-161.0,930.0,24.0,5.5873015873,29.4126984127
980.0,-158.0,973.0,27.0,7.69719169719,27.3028083028
915.0,-151.0,935.0,23.0,13.7631257631,21.2368742369
810.0,-152.0,830.0,13.0,0.04884004884,34.9511599512
844.0,-167.0,898.0,36.0,0.903540903541,34.0964590965
883.0,-199.0,953.0,24.0,10.3394383394,24.6605616606
929.0,-166.0,977.0,19.0,7.91208791209,27.0879120879
760.0,-188.0,927.0,36.0,8.29792429792,26.7020757021
930.0,-191.0,845.0,15.0,0.039072039072,34.9609279609
792.0,-158.0,846.0,29.0,0.0830280830281,34.916971917
867.0,-185.0,709.0,30.0,0.253968253968,34.746031746
913.0,-171.0,965.0,9.0,5.73870573871,29.2612942613
801.0,-167.0,931.0,17.0,4.81074481074,30.1892551893
946.0,-171.0,927.0,20.0,14.7057387057,20.2942612943
940.0,-172.0,993.0,5.0,9.76800976801,25.231990232
866.0,-159.0,929.0,32.0,14.2417582418,20.7582417582
843.0,-173.0,926.0,30.0,8.79609279609,26.2039072039
784.0,-193.0,784.0,24.0,0.0,35.0
791.0,-198.0,962.0,27.0,9.38217338217,25.6178266178
859.0,-162.0,930.0,19.0,10.188034188,24.811965812
974.0,-180.0,906.0,20.0,9.26984126984,25.7301587302
791.0,-179.0,978.0,36.0,6.82295482295,28.177045177
890.0,-199.0,889.0,16.0,0.273504273504,34.7264957265
777.0,-162.0,930.0,30.0,9.01587301587,25.9841269841
896.0,-174.0,892.0,22.0,0.283272283272,34.7167277167
918.0,-173.0,939.0,22.0,12.9133089133,22.0866910867
761.0,-192.0,954.0,20.0,12.1318681319,22.8681318681
857.0,-169.0,890.0,5.0,0.258852258852,34.7411477411
715.0,-160.0,954.0,24.0,7.0231990232,27.9768009768
718.0,-175.0,880.0,37.0,0.332112332112,34.6678876679
851.0,-179.0,828.0,33.0,0.253968253968,34.746031746
952.0,-186.0,921.0,27.0,14.695970696,20.304029304
993.0,-171.0,714.0,26.0,0.141636141636,34.8583638584
